2 3 4
48395   48185   47678
2278    2488    2995
1411    1086    714
9859    9569    9129
1108    1398    1838
1989    1319    772
46850   46525   46156
3823    4148    4517
398     275     176
9713    9416    9010
1254    1551    1957
1957    1077    593
2 3 4
48528   48482   48172
2145    2191    2501
1560    1255    816
10023   9831    9476
944     1136    1491
2834    2066    1255
46666   46787   46658
4007    3886    4015
612     460     296
9815    9665    9399
1152    1302    1568
3267    2139    1309
